CFGAPOW=0.75421
CFGQPED=9
CFGPTAR=0.080120
