CFGAPOW=0.754210
CFGQPED=9
CFGPTAR=0.080120
